*CONTROL_SOLUTION
         1         0         0         0
*CONTROL_TERMINATION
    7200.0         0       0.0       0.0       0.0         0
*CONTROL_THERMAL_SOLVER
         1         0         3       0.0         0       0.0       0.0       0.0
         0         0       0.0       0.0       0.0                           0.0
*CONTROL_THERMAL_TIMESTEP
         1       1.0       1.0    1.0E-6      10.0      50.0       0.0         0
$
*DATABASE_TPRINT
      10.0         1         0         1
*DATABASE_BINARY_D3PLOT
      10.0         0         0         0         0
*DATABASE_BINARY_D3THDT
      10.0         0
$
*MAT_THERMAL_ISOTROPIC_TD_LC_TITLE
concrete
         1    2400.0         0       0.0
         1         2
$
*MAT_THERMAL_ISOTROPIC_TD_LC_TITLE
steel
         2    7850.0         0       0.0
         3         4
$
*MAT_THERMAL_ISOTROPIC_TD_LC_TITLE
protection
         3     700.0         0       0.0
         5         6
$
*SECTION_SOLID
         1         1         0
$
         2         1         0
$
*PART
$# title
steel
$#     pid     secid       mid     eosid      hgid      grav    adpopt      tmid
         1         1         0         0         0         0         0         2
$
*PART
$# title
concrete
$#     pid     secid       mid     eosid      hgid      grav    adpopt      tmid
         2         2         0         0         0         0         0         1
$
*DEFINE_CURVE_TITLE
concrete_hc
         1         0       1.0       1.0       0.0       0.0         0
                 0.0           900.00000
           293.14999           900.00000
           373.14999           900.00000
           398.14999           925.00000
           423.14999           950.00000
           448.14999           975.00000
           473.14999           1000.0000
           498.14999           1012.5000
           523.15002           1025.0000
           548.15002           1037.5000
           573.15002           1050.0000
           598.15002           1062.5000
           623.15002           1075.0000
           648.15002           1087.5000
           673.15002           1100.0000
           698.15002           1100.0000
           723.15002           1100.0000
           773.15002           1100.0000
           823.15002           1100.0000
           873.15002           1100.0000
           923.15002           1100.0000
           973.15002           1100.0000
           1023.1500           1100.0000
           1073.1500           1100.0000
           1123.1500           1100.0000
           1173.1500           1100.0000
           1223.1500           1100.0000
           1273.1500           1100.0000
           1323.1500           1100.0000
           1373.1500           1100.0000
           1423.1500           1100.0000
           1473.1500           1100.0000
$
$
*DEFINE_CURVE_TITLE
concrete_k
         2         0       1.0       1.0       0.0       0.0         0
                 0.0           1.9513880
           293.14999           1.9513880
           373.14999           1.7654999
           398.14999           1.7102188
           423.14999           1.6562750
           448.14999           1.6036688
           473.14999           1.5524000
           498.14999           1.5024687
           523.15002           1.4538749
           548.15002           1.4066187
           573.15002           1.3607000
           598.15002           1.3161187
           623.15002           1.2728750
           648.15002           1.2309687
           673.15002           1.1904000
           698.15002           1.1511687
           723.15002           1.1132751
           773.15002           1.0415000
           823.15002          0.97507501
           873.15002          0.91399997
           923.15002          0.85827500
           973.15002          0.80790001
           1023.1500          0.76287502
           1073.1500          0.72320002
           1123.1500          0.68887502
           1173.1500          0.65990001
           1223.1500          0.63627499
           1273.1500          0.61799997
           1323.1500          0.60507500
           1373.1500          0.59750003
           1423.1500          0.59527498
           1473.1500          0.59840000
$
$
*DEFINE_CURVE_TITLE
steel_hc
         3         0       1.0       1.0       0.0       0.0         0
                 0.0           439.80176
           293.14999           439.80176
           373.14999           487.62000
           398.14999           499.55469
           423.14999           510.41751
           448.14999           520.41656
           473.14999           529.76001
           498.14999           538.65594
           523.15002           547.31250
           548.15002           555.93781
           573.15002           564.73999
           598.15002           573.92719
           623.15002           583.70752
           648.15002           594.28906
           673.15002           605.88000
           698.15002           618.68842
           723.15002           632.92249
           773.15002           666.50000
           823.15002           708.27753
           873.15002           759.91998
           898.15002           781.06195
           923.15002           813.75000
           948.15002           872.38098
           973.15002           1008.1579
           998.15002           1666.1538
           1008.1500           5000.0000
           1023.1500           1482.8948
           1048.1500           950.00000
           1073.1500           803.26086
           1098.1500           734.57446
           1123.1500           694.74792
           1148.1500           668.75000
           1173.1500           650.44379
           1273.1500           650.00000
           1373.1500           650.00000
           1473.1500           650.00000
$
$
*DEFINE_CURVE_TITLE
steel_k
         4         0       1.0       1.0       0.0       0.0         0
                 0.0           53.334000
           293.14999           53.334000
           373.14999           50.669998
           398.14999           49.837502
           423.14999           49.005001
           448.14999           48.172501
           473.14999           47.340000
           498.14999           46.507500
           523.15002           45.674999
           548.15002           44.842499
           573.15002           44.009998
           598.15002           43.177502
           623.15002           42.345001
           648.15002           41.512501
           673.15002           40.680000
           698.15002           39.847500
           723.15002           39.014999
           773.15002           37.349998
           823.15002           35.685001
           873.15002           34.020000
           923.15002           32.355000
           973.15002           30.690001
           1023.1500           29.025000
           1073.1500           27.360001
           1123.1500           27.299999
           1173.1500           27.299999
           1223.1500           27.299999
           1273.1500           27.299999
           1323.1500           27.299999
           1373.1500           27.299999
           1423.1500           27.299999
           1473.1500           27.299999
$
$
*DEFINE_CURVE_TITLE
fire_curve
         7         0       1.0       1.0       0.0       0.0         0
                 0.0           293.00000
           60.000000           622.21368
           120.00000           717.50488
           180.00000           775.28931
           240.00000           816.88733
           300.00000           849.41040
           360.00000           876.11768
           420.00000           898.77686
           480.00000           918.45508
           540.00000           935.84637
           600.00000           951.42731
           660.00000           965.53955
           720.00000           978.43622
           780.00000           990.31030
           840.00000           1001.3121
           900.00000           1011.5610
           960.00000           1021.1534
           1020.0000           1030.1686
           1080.0000           1038.6720
           1140.0000           1046.7185
           1200.0000           1054.3550
           1260.0000           1061.6210
           1320.0000           1068.5508
           1380.0000           1075.1742
           1440.0000           1081.5172
           1500.0000           1087.6027
           1560.0000           1093.4504
           1620.0000           1099.0786
           1680.0000           1104.5029
           1740.0000           1109.7378
           1800.0000           1114.7959
           1860.0000           1119.6887
           1920.0000           1124.4269
           1980.0000           1129.0198
           2040.0000           1133.4761
           2100.0000           1137.8037
           2160.0000           1142.0098
           2220.0000           1146.1010
           2280.0000           1150.0835
           2340.0000           1153.9628
           2400.0000           1157.7443
           2460.0000           1161.4326
           2520.0000           1165.0323
           2580.0000           1168.5476
           2640.0000           1171.9823
           2700.0000           1175.3400
           2760.0000           1178.6241
           2820.0000           1181.8378
           2880.0000           1184.9840
           2940.0000           1188.0654
           3000.0000           1191.0848
           3060.0000           1194.0446
           3120.0000           1196.9469
           3180.0000           1199.7942
           3240.0000           1202.5884
           3300.0000           1205.3313
           3360.0000           1208.0250
           3420.0000           1210.6711
           3480.0000           1213.2712
           3540.0000           1215.8271
           3600.0000           1218.3401
           3660.0000           1220.8115
           3720.0000           1223.2429
           3780.0000           1225.6355
           3840.0000           1227.9905
           3900.0000           1230.3090
           3960.0000           1232.5922
           4020.0000           1234.8412
           4080.0000           1237.0568
           4140.0000           1239.2401
           4200.0000           1241.3922
           4260.0000           1243.5137
           4320.0000           1245.6057
           4380.0000           1247.6688
           4440.0000           1249.7039
           4500.0000           1251.7117
           4560.0000           1253.6930
           4620.0000           1255.6484
           4680.0000           1257.5786
           4740.0000           1259.4843
           4800.0000           1261.3660
           4860.0000           1263.2244
           4920.0000           1265.0601
           4980.0000           1266.8734
           5040.0000           1268.6652
           5100.0000           1270.4358
           5160.0000           1272.1857
           5220.0000           1273.9153
           5280.0000           1275.6252
           5340.0000           1277.3159
           5400.0000           1278.9877
           5460.0000           1280.6410
           5520.0000           1282.2762
           5580.0000           1283.8939
           5640.0000           1285.4943
           5700.0000           1287.0778
           5760.0000           1288.6445
           5820.0000           1290.1952
           5880.0000           1291.7300
           5940.0000           1293.2493
           6000.0000           1294.7532
           6060.0000           1296.2422
           6120.0000           1297.7166
           6180.0000           1299.1766
           6240.0000           1300.6226
           6300.0000           1302.0546
           6360.0000           1303.4731
           6420.0000           1304.8784
           6480.0000           1306.2705
           6540.0000           1307.6499
           6600.0000           1309.0167
           6660.0000           1310.3711
           6720.0000           1311.7134
           6780.0000           1313.0437
           6840.0000           1314.3624
           6900.0000           1315.6696
           6960.0000           1316.9655
           7020.0000           1318.2501
           7080.0000           1319.5239
           7140.0000           1320.7871
           7200.0000           1322.0396
$
$
*DEFINE_CURVE_TITLE
ambient
         8         0       0.0       0.0       0.0       0.0         0
                 0.0           293.14999
           7200.0000           293.14999
$
$
*DEFINE_CURVE_TITLE
radiation
$
        10         0       0.0       0.0       0.0       0.0         0
                 0.0        5.6699999E-8
           7200.0000        5.6699999E-8
$
*BOUNDARY_CONVECTION_SET
         1
         0      25.0         7       1.0         0
*BOUNDARY_CONVECTION_SET
         2
         0       4.0         8       1.0         0
*BOUNDARY_RADIATION_SET
         1         1
        10       0.7         7       1.0         0
         2         1
        10       0.7         8       1.0         0
$
*INITIAL_TEMPERATURE_SET
         1    293.15         0
*END
